plotAtomStateLine    0    75    0    1    0    0    74    0    0    0    0    85    0    0    0    0    79    0    0    0    0    66    0    0    0    0    73    0    0    0    0    
plotAtomStateLine    9    75    0    1    0    0    74    0    0    0    0    85    0    0    0    0    79    0    0    0    0    66    0    0    0    0    73    0    0    0    0    
plotAtomStateLine    19    75    0    1    0    0    74    0    0    0    0    85    0    0    0    0    79    0    0    0    0    66    0    0    0    0    73    0    0    0    0    
plotAtomStateLine    29    75    0    1    0    0    74    0    0    0    0    85    0    0    0    0    79    0    0    0    0    66    0    0    0    0    73    0    0    0    0    
plotAtomStateLine    39    75    0    1    0    0    74    0    0    0    0    85    0    0    0    0    79    0    0    0    0    66    0    0    0    0    73    0    0    0    0    
plotAtomStateLine    49    75    0    1    0    0    74    0    0    0    0    85    0    0    0    0    79    0    0    0    0    66    0    0    0    0    73    0    0    0    0    
plotAtomStateLine    59    75    0    1    0    0    74    0    0    0    0    85    0    0    0    0    79    0    0    0    0    66    0    0    0    0    73    0    0    0    0    
plotAtomStateLine    69    75    0    1    0    0    74    0    0    0    0    85    0    0    0    0    79    0    0    0    0    66    0    0    0    0    73    0    0    0    0    
plotAtomStateLine    79    75    0    1    0    0    74    0    0    0    0    85    0    0    0    0    79    0    0    0    0    66    0    0    0    0    73    0    0    0    0    
plotAtomStateLine    89    75    0    1    0    0    74    0    0    0    0    85    0    0    0    0    79    0    0    0    0    66    0    0    0    0    73    0    0    0    0    
plotAtomStateLine    99    74    0    0    0    2    74    0    0    0    0    84    1    0    0    1    79    0    0    0    0    66    0    0    0    0    73    0    0    0    0    
plotAtomStateLine    109    74    0    0    0    2    74    0    0    0    0    84    0    0    0    2    78    1    0    0    1    66    0    0    0    0    73    0    0    0    0    
plotAtomStateLine    119    74    0    0    0    2    74    0    0    0    0    84    0    0    0    2    78    1    0    0    1    66    0    0    0    0    73    0    0    0    0    
plotAtomStateLine    129    74    0    0    0    2    74    0    0    0    0    84    0    0    0    2    78    0    0    0    2    65    1    0    0    0    73    0    0    0    0    
plotAtomStateLine    139    74    0    0    0    2    73    0    0    0    0    84    0    0    1    1    78    0    1    0    0    65    0    0    0    0    73    0    0    0    0    
plotAtomStateLine    149    73    1    1    0    1    73    0    0    0    0    84    0    0    0    0    78    0    0    0    0    65    0    0    0    0    73    0    0    0    0    
plotAtomStateLine    159    73    1    1    0    1    73    0    0    0    0    84    0    0    0    0    78    0    0    0    0    65    0    0    0    0    73    0    0    0    0    
plotAtomStateLine    169    72    1    0    0    3    73    0    0    0    0    83    1    0    0    1    78    0    0    0    0    65    0    0    0    0    73    0    0    0    0    
plotAtomStateLine    179    72    1    0    0    3    73    0    0    0    0    82    1    0    0    1    77    0    0    0    0    65    0    0    0    0    73    0    0    0    0    
plotAtomStateLine    189    72    0    0    0    4    73    0    0    0    0    82    2    0    0    2    77    0    0    0    0    65    0    0    0    0    73    0    0    0    0    
plotAtomStateLine    199    72    0    0    0    4    73    0    0    0    0    82    2    0    0    2    77    0    0    0    0    65    0    0    0    0    73    0    0    0    0    
plotAtomStateLine    209    72    0    0    0    4    73    0    0    0    0    82    2    0    0    2    77    0    0    0    0    65    0    0    0    0    73    0    0    0    0    
plotAtomStateLine    219    72    0    0    0    4    73    0    0    0    0    82    2    0    0    2    77    0    0    0    0    65    0    0    0    0    73    0    0    0    0    
plotAtomStateLine    229    72    0    0    0    4    73    0    0    0    0    82    1    0    0    3    77    1    0    0    1    65    0    0    0    0    73    0    0    0    0    
plotAtomStateLine    239    72    0    0    0    4    73    0    0    0    0    82    1    0    0    3    77    1    0    0    1    64    0    0    0    0    73    0    0    0    0    
plotAtomStateLine    249    72    0    0    0    4    73    0    0    0    0    82    0    0    0    4    76    1    0    0    2    64    1    0    0    1    73    0    0    0    0    
plotAtomStateLine    259    72    0    0    0    4    73    0    0    0    0    82    0    0    0    4    76    1    0    0    3    64    1    0    0    1    73    0    0    0    0    
plotAtomStateLine    269    72    0    0    0    4    73    0    0    0    0    82    0    0    0    4    76    1    0    0    3    64    1    0    0    1    73    0    0    0    0    
plotAtomStateLine    279    72    0    0    0    4    72    0    0    0    0    82    0    0    0    4    76    1    0    0    3    64    1    0    0    1    73    0    0    0    0    
plotAtomStateLine    289    72    0    0    0    4    72    0    0    0    0    82    0    0    0    4    76    1    0    0    3    64    1    0    0    1    73    0    0    0    0    
plotAtomStateLine    299    72    0    0    0    4    72    0    0    0    0    82    0    0    0    4    76    1    0    0    3    64    1    0    0    1    73    0    0    0    0    
plotAtomStateLine    309    72    0    2    0    2    72    0    0    0    0    82    0    0    0    2    76    1    0    0    1    63    0    0    0    0    73    0    0    0    0    
plotAtomStateLine    319    70    2    0    0    4    72    0    0    0    0    82    0    0    0    2    76    1    0    0    1    63    0    0    0    0    73    0    0    0    0    
plotAtomStateLine    329    70    2    0    0    4    72    0    0    0    0    82    0    0    0    2    76    1    0    0    1    63    0    0    0    0    73    0    0    0    0    
plotAtomStateLine    339    70    2    0    0    4    72    0    0    0    0    82    0    0    0    2    76    1    0    0    1    63    0    0    0    0    73    0    0    0    0    
plotAtomStateLine    349    70    2    0    0    4    72    0    0    0    0    82    0    0    0    2    76    1    0    0    1    63    0    0    0    0    73    0    0    0    0    
plotAtomStateLine    359    70    2    0    0    4    71    0    0    0    0    81    0    0    0    2    76    0    0    0    2    63    1    0    0    1    73    0    0    0    0    
plotAtomStateLine    369    70    1    2    0    3    71    0    0    0    0    81    1    0    0    1    76    0    0    0    0    63    0    0    0    0    73    0    0    0    0    
plotAtomStateLine    379    68    3    0    0    5    71    0    0    0    0    81    1    0    0    1    76    0    0    0    0    63    0    0    0    0    73    0    0    0    0    
plotAtomStateLine    389    68    3    0    0    5    71    0    0    0    0    80    0    0    0    2    75    1    0    0    1    63    0    0    0    0    73    0    0    0    0    
plotAtomStateLine    399    68    2    0    0    6    71    0    0    0    0    80    1    0    0    3    75    1    0    0    1    63    0    0    0    0    73    0    0    0    0    
plotAtomStateLine    409    68    2    0    0    6    71    0    0    0    0    80    1    0    0    3    75    1    0    0    1    63    0    0    0    0    73    0    0    0    0    
plotAtomStateLine    419    68    2    0    0    6    71    0    0    0    0    80    1    0    0    3    75    1    0    0    1    63    0    0    0    0    73    0    0    0    0    
plotAtomStateLine    429    68    2    0    0    6    71    0    0    0    0    80    1    0    0    3    74    1    0    0    1    62    0    0    0    0    73    0    0    0    0    
plotAtomStateLine    439    68    0    2    0    6    70    0    0    0    0    79    2    0    0    2    74    1    0    0    1    62    0    0    0    0    73    0    0    0    0    
plotAtomStateLine    449    68    0    2    0    6    69    0    0    0    0    79    1    0    0    3    73    1    2    0    1    61    0    0    0    0    73    0    0    0    0    
plotAtomStateLine    459    68    0    2    1    5    69    0    0    0    0    79    1    0    1    2    73    1    0    0    1    61    0    0    0    0    73    0    0    0    0    
plotAtomStateLine    469    67    1    1    1    6    69    0    0    0    0    79    1    0    1    2    73    1    0    0    1    61    0    0    0    0    73    0    0    0    0    
plotAtomStateLine    479    67    1    1    1    6    69    0    0    0    0    79    1    0    1    2    73    1    0    0    1    61    0    0    0    0    73    0    0    0    0    
plotAtomStateLine    489    67    1    1    1    6    69    0    0    0    0    79    1    0    1    2    73    1    0    0    1    61    0    0    0    0    73    0    0    0    0    
plotAtomStateLine    499    66    1    0    1    8    69    0    0    0    0    78    2    0    1    3    73    1    0    0    1    60    0    0    0    0    73    0    0    0    0    
plotAtomStateLine    509    66    1    0    1    8    68    0    0    0    0    78    2    0    1    3    72    0    0    1    1    60    0    1    0    0    73    0    0    0    0    
plotAtomStateLine    519    65    2    1    1    7    68    0    0    0    0    76    1    0    1    2    72    1    0    0    1    60    0    0    0    0    73    0    0    0    0    
plotAtomStateLine    529    65    1    1    1    8    68    0    0    0    0    75    2    0    1    2    72    0    0    0    2    59    1    0    0    0    73    0    0    0    0    
plotAtomStateLine    539    64    1    0    1    10    68    0    0    0    0    75    3    0    1    4    71    0    0    0    2    59    1    0    0    1    73    0    0    0    0    
plotAtomStateLine    549    64    1    0    1    10    68    0    0    0    0    75    3    0    1    4    71    0    0    0    2    59    1    0    0    1    73    0    0    0    0    
plotAtomStateLine    559    64    1    0    1    10    68    0    0    0    0    75    2    0    1    5    71    1    0    0    3    59    1    0    0    1    73    0    0    0    0    
plotAtomStateLine    569    64    1    0    1    10    68    0    0    0    0    75    2    0    1    5    70    1    0    0    3    59    1    0    0    1    73    0    0    0    0    
plotAtomStateLine    579    64    1    0    1    10    67    1    0    0    0    75    1    0    1    6    70    2    0    0    4    58    0    0    0    2    73    0    0    0    0    
plotAtomStateLine    589    64    1    2    1    8    67    0    0    0    0    75    1    0    1    4    70    2    0    0    2    58    0    0    0    0    73    0    0    0    0    
plotAtomStateLine    599    64    1    2    1    8    67    0    0    0    0    75    1    0    1    4    70    2    0    0    2    58    0    0    0    0    73    0    0    0    0    
plotAtomStateLine    609    63    2    1    1    9    67    0    0    0    0    75    1    0    1    4    70    1    0    0    3    57    1    0    0    1    73    0    0    0    0    
plotAtomStateLine    619    63    1    1    1    10    67    0    0    0    0    74    2    0    1    5    70    1    0    0    3    57    1    0    0    3    73    0    0    0    0    
plotAtomStateLine    629    63    1    1    1    10    67    0    0    0    0    74    2    0    1    5    70    1    0    0    3    57    1    0    0    3    73    0    0    0    0    
plotAtomStateLine    639    63    1    1    1    10    67    0    0    0    0    74    2    0    1    5    70    1    0    0    3    57    1    0    0    3    73    0    0    0    0    
plotAtomStateLine    649    62    1    0    1    12    67    0    0    0    0    73    2    0    1    5    69    2    0    0    4    57    1    0    0    3    73    0    0    0    0    
plotAtomStateLine    659    62    1    0    1    12    67    0    0    0    0    73    3    0    1    6    69    1    0    0    5    56    1    0    0    3    73    0    0    0    0    
plotAtomStateLine    669    62    1    0    1    12    66    0    0    0    0    73    3    0    1    6    69    0    0    0    6    56    2    0    0    4    73    0    0    0    0    
plotAtomStateLine    679    62    1    0    1    12    65    0    0    0    0    72    2    0    2    6    69    0    0    0    6    56    2    0    1    3    73    0    0    0    0    
plotAtomStateLine    689    62    0    0    1    13    65    0    0    0    0    72    3    0    2    7    69    0    0    0    6    56    2    0    1    3    73    0    0    0    0    
plotAtomStateLine    699    62    0    0    1    13    65    0    0    0    0    72    3    0    2    9    69    0    0    0    6    56    2    0    1    3    73    0    0    0    0    
plotAtomStateLine    709    62    0    0    1    13    65    0    0    0    0    72    3    0    2    9    68    0    0    0    6    56    2    0    1    3    73    0    0    0    0    
plotAtomStateLine    719    62    0    0    1    13    64    0    0    0    0    72    3    0    2    9    67    0    0    0    6    56    2    0    1    3    73    0    0    0    0    
plotAtomStateLine    729    62    0    0    2    12    64    0    0    0    0    72    3    0    3    8    67    0    0    0    4    56    1    0    1    2    73    0    0    0    0    
plotAtomStateLine    739    62    0    0    2    12    64    0    1    0    0    72    2    1    2    8    67    0    0    0    4    56    1    0    2    1    73    0    0    0    0    
plotAtomStateLine    749    61    1    3    1    10    64    0    0    0    0    72    2    0    2    6    67    0    0    0    2    56    1    0    1    0    73    0    0    0    0    
plotAtomStateLine    759    61    1    3    1    10    64    0    0    0    0    72    1    0    2    7    67    1    0    0    3    56    1    0    1    0    73    0    0    0    0    
plotAtomStateLine    769    61    1    3    1    10    64    0    0    0    0    72    1    0    2    7    67    1    0    0    3    56    1    0    1    0    73    0    0    0    0    
plotAtomStateLine    779    60    0    2    1    13    64    0    0    0    0    71    2    0    2    8    66    2    0    0    4    55    1    0    1    0    73    0    0    0    0    
plotAtomStateLine    789    60    0    2    1    13    64    0    0    0    0    71    2    0    2    8    66    2    0    0    4    55    1    0    1    0    73    0    0    0    0    
plotAtomStateLine    799    60    0    2    1    13    64    0    0    0    0    71    2    0    2    8    66    1    0    0    5    55    2    0    1    1    73    0    0    0    0    
plotAtomStateLine    809    60    0    2    1    13    64    0    0    0    0    71    2    0    2    8    65    1    0    0    5    55    2    0    1    1    73    0    0    0    0    
plotAtomStateLine    819    60    0    2    1    13    64    0    0    0    0    71    2    0    2    8    65    1    0    0    5    55    2    0    1    1    73    0    0    0    0    
plotAtomStateLine    829    59    1    1    1    14    64    0    0    0    0    71    2    0    2    8    65    2    0    0    5    54    1    0    1    2    73    0    0    0    0    
plotAtomStateLine    839    59    1    1    1    14    64    0    0    0    0    71    2    0    2    8    65    2    0    0    6    53    1    0    1    2    73    0    0    0    0    
plotAtomStateLine    849    59    1    1    1    14    64    0    0    0    0    71    1    0    2    9    65    2    0    0    8    53    2    0    1    3    73    0    0    0    0    
plotAtomStateLine    859    59    1    3    1    12    63    0    0    0    0    71    1    0    2    9    65    1    0    0    7    53    2    0    1    3    73    0    0    0    0    
plotAtomStateLine    869    59    1    3    1    12    63    0    0    0    0    71    1    0    2    9    65    1    0    0    7    53    2    0    1    3    73    0    0    0    0    
plotAtomStateLine    879    59    0    3    1    13    63    0    0    0    0    70    2    0    2    10    65    1    0    0    7    53    2    0    1    3    73    0    0    0    0    
plotAtomStateLine    889    59    0    3    1    13    63    0    0    0    0    70    2    0    2    10    65    0    0    0    8    52    3    0    1    3    73    0    0    0    0    
plotAtomStateLine    899    59    0    3    1    13    63    0    0    0    0    70    2    0    2    10    65    0    0    0    8    52    3    0    1    4    73    0    0    0    0    
plotAtomStateLine    909    59    0    5    1    11    62    0    0    0    0    70    2    0    2    8    65    0    0    0    6    52    2    0    1    3    73    0    0    0    0    
plotAtomStateLine    919    58    1    4    1    12    62    0    0    0    0    70    2    0    2    8    63    0    0    0    6    52    2    0    1    3    73    0    0    0    0    
plotAtomStateLine    929    58    1    4    1    12    62    0    0    0    0    70    2    0    2    8    63    0    0    0    6    52    2    0    1    3    73    0    0    0    0    
plotAtomStateLine    939    57    2    3    1    13    62    0    0    0    0    70    2    0    2    8    63    0    0    0    6    52    2    0    1    3    73    0    0    0    0    
plotAtomStateLine    949    57    2    3    1    13    62    0    0    0    0    70    2    0    2    8    63    0    0    0    6    52    2    0    1    3    73    0    0    0    0    
plotAtomStateLine    959    56    3    2    1    14    62    0    0    0    0    70    2    0    2    8    63    0    0    0    6    52    2    0    1    3    73    0    0    0    0    
plotAtomStateLine    969    56    3    2    1    14    62    0    0    0    0    70    2    0    2    8    63    0    0    0    6    52    2    0    1    3    73    0    0    0    0    
plotAtomStateLine    979    55    4    1    1    15    61    0    0    0    0    70    1    0    2    9    63    1    0    0    7    52    2    0    1    3    73    0    0    0    0    
plotAtomStateLine    989    55    4    1    1    15    61    0    0    0    0    70    1    0    4    7    63    1    0    0    5    52    1    0    1    2    73    0    0    0    0    
plotAtomStateLine    999    55    4    1    1    15    61    0    0    0    0    68    1    0    4    7    63    1    0    0    5    51    1    0    1    2    73    0    0    0    0    
plotAtomStateLine    1009    54    3    0    1    18    61    0    0    0    0    68    3    0    4    8    63    0    0    0    6    51    2    0    1    3    73    0    0    0    0    
plotAtomStateLine    1019    54    3    0    1    18    61    0    0    0    0    67    3    0    4    9    63    0    0    0    6    51    2    0    1    3    73    0    0    0    0    
plotAtomStateLine    1029    54    2    0    1    19    61    0    0    0    0    67    4    0    4    10    62    0    0    0    6    51    2    0    1    3    73    0    0    0    0    
plotAtomStateLine    1039    54    1    0    1    20    61    0    0    0    0    67    3    0    4    11    61    2    0    0    8    51    2    0    1    3    73    0    0    0    0    
plotAtomStateLine    1049    54    1    0    1    20    61    0    0    0    0    67    3    0    4    11    61    1    0    0    9    50    3    0    1    4    73    0    0    0    0    
plotAtomStateLine    1059    54    1    0    1    20    61    0    0    0    0    67    2    0    4    12    60    2    0    0    9    50    3    0    1    4    73    0    0    0    0    
plotAtomStateLine    1069    54    1    0    1    20    60    0    0    0    0    67    2    0    4    12    60    2    0    0    10    49    3    0    1    4    73    0    0    0    0    
plotAtomStateLine    1079    54    1    2    1    18    60    0    0    0    0    67    2    0    4    10    60    2    0    0    8    49    2    0    1    3    73    0    0    0    0    
plotAtomStateLine    1089    54    1    2    1    18    60    0    0    0    0    67    2    0    4    10    60    1    0    0    9    49    3    0    1    4    73    0    0    0    0    
plotAtomStateLine    1099    54    1    4    1    16    59    0    0    0    0    67    2    0    4    8    60    1    0    0    7    49    2    0    1    3    73    0    0    0    0    
plotAtomStateLine    1109    54    1    4    1    16    59    0    0    0    0    67    2    0    4    8    60    1    0    0    7    48    2    0    1    3    73    0    0    0    0    
plotAtomStateLine    1119    53    2    3    1    17    58    0    0    0    0    67    1    0    4    9    59    1    0    0    9    47    3    0    1    4    73    0    0    0    0    
plotAtomStateLine    1129    52    2    2    1    19    58    0    0    0    0    66    2    0    4    10    59    1    0    0    9    47    3    0    1    6    73    0    0    0    0    
plotAtomStateLine    1139    52    2    4    1    17    57    0    0    0    0    66    2    0    4    10    59    1    0    1    6    47    1    0    2    3    73    0    0    0    0    
plotAtomStateLine    1149    52    2    4    1    17    57    0    0    0    0    66    1    0    4    11    58    2    0    1    7    47    1    0    2    3    73    0    0    0    0    
plotAtomStateLine    1159    51    3    3    1    18    57    0    0    0    0    66    1    0    4    11    58    2    0    1    7    47    1    0    2    3    73    0    0    0    0    
plotAtomStateLine    1169    50    3    2    1    20    57    0    0    0    0    66    1    0    4    11    57    3    0    1    8    47    1    0    2    3    73    0    0    0    0    
plotAtomStateLine    1179    50    3    2    1    20    57    0    0    0    0    65    1    0    4    11    57    3    0    1    8    47    1    0    2    3    73    0    0    0    0    
plotAtomStateLine    1189    50    2    2    1    21    57    0    0    0    0    65    2    0    4    12    57    3    0    1    8    47    1    0    2    3    73    0    0    0    0    
plotAtomStateLine    1199    49    3    1    1    22    57    0    0    0    0    63    2    0    4    12    57    3    0    1    8    47    1    0    2    3    73    0    0    0    0    
plotAtomStateLine    1209    49    2    1    1    23    57    0    0    0    0    63    3    0    4    13    57    3    0    1    8    47    1    0    2    3    73    0    0    0    0    
plotAtomStateLine    1219    49    1    1    1    24    57    0    0    0    0    63    2    0    4    14    55    5    0    1    9    46    1    0    2    3    73    0    0    0    0    
plotAtomStateLine    1229    48    2    0    1    25    57    0    0    0    0    62    2    0    4    14    54    5    0    1    10    45    1    0    2    3    73    0    0    0    0    
plotAtomStateLine    1239    48    0    0    1    27    57    0    0    0    0    62    3    0    4    15    54    6    0    1    11    45    1    0    2    3    73    0    0    0    0    
plotAtomStateLine    1249    48    0    0    1    27    57    0    0    0    0    62    3    0    4    15    54    5    0    1    12    44    2    0    2    4    73    0    0    0    0    
plotAtomStateLine    1259    48    0    0    1    27    55    0    0    0    0    62    3    0    4    15    54    5    0    1    12    44    2    0    2    4    73    0    0    0    0    
plotAtomStateLine    1269    48    0    0    1    27    55    0    0    0    0    62    3    0    4    15    52    4    0    1    13    44    3    0    2    5    73    0    0    0    0    
plotAtomStateLine    1279    48    0    4    1    23    55    0    0    0    0    62    2    0    3    13    52    5    0    1    10    44    2    0    1    3    73    0    0    0    0    
plotAtomStateLine    1289    46    2    2    2    24    55    0    0    0    0    62    1    0    3    14    52    6    1    1    9    44    1    0    1    2    73    0    0    0    0    
plotAtomStateLine    1299    46    2    6    1    21    54    0    0    0    0    61    1    0    3    12    52    5    0    1    8    43    1    0    1    1    73    0    0    0    0    
plotAtomStateLine    1309    45    3    5    1    22    54    0    0    0    0    61    1    0    3    12    52    4    0    1    9    43    2    0    1    2    73    0    0    0    0    
plotAtomStateLine    1319    43    4    3    1    25    54    0    0    0    0    61    2    0    3    13    52    3    0    1    10    42    3    0    1    4    73    0    0    0    0    
plotAtomStateLine    1329    41    6    1    1    27    54    0    0    0    0    61    2    0    3    13    52    3    0    1    10    42    3    0    1    4    73    0    0    0    0    
plotAtomStateLine    1339    41    4    1    1    29    52    0    0    0    0    60    2    0    3    15    50    4    0    2    12    42    3    0    2    3    73    0    0    0    0    
plotAtomStateLine    1349    40    5    2    1    28    51    0    0    0    0    60    2    0    3    15    50    4    0    2    10    41    2    0    2    2    73    0    0    0    0    
plotAtomStateLine    1359    40    4    2    1    29    51    0    0    0    0    59    2    0    3    16    49    4    0    2    11    41    3    0    2    3    73    0    0    0    0    
plotAtomStateLine    1369    40    4    2    1    29    51    0    0    0    0    58    3    0    3    18    49    3    0    2    13    41    3    0    2    3    73    0    0    0    0    
plotAtomStateLine    1379    39    5    1    1    30    51    0    0    0    0    58    3    0    3    18    48    3    0    2    13    41    3    0    2    3    73    0    0    0    0    
plotAtomStateLine    1389    39    4    1    1    31    50    0    0    0    0    58    3    0    3    18    48    4    0    2    14    40    3    0    2    3    73    0    0    0    0    
plotAtomStateLine    1399    39    4    3    1    29    50    0    0    0    0    58    3    0    3    16    48    4    0    2    12    40    2    0    2    2    73    0    0    0    0    
plotAtomStateLine    1409    39    4    5    1    27    50    0    0    0    0    57    2    0    3    13    47    3    0    2    11    39    3    0    2    3    73    0    0    0    0    
plotAtomStateLine    1419    38    4    4    1    29    50    0    0    0    0    57    2    0    3    13    47    3    0    2    13    39    4    0    2    4    73    0    0    0    0    
plotAtomStateLine    1429    38    3    6    1    28    49    0    0    0    0    57    3    0    3    14    46    3    0    2    11    39    3    0    2    3    73    0    0    0    0    
plotAtomStateLine    1439    36    5    6    1    28    48    0    0    0    0    57    2    0    3    13    46    3    0    2    11    37    3    0    2    3    73    0    0    0    0    
plotAtomStateLine    1449    32    8    4    1    31    47    0    0    0    0    56    2    0    3    13    45    4    0    2    10    36    2    0    2    2    73    0    0    0    0    
plotAtomStateLine    1459    32    8    4    1    31    47    0    0    0    0    56    2    0    3    13    45    2    0    2    12    35    4    0    2    5    73    0    0    0    0    
plotAtomStateLine    1469    32    5    4    1    34    47    0    0    0    0    56    4    0    3    15    44    2    0    2    12    34    5    0    2    7    73    0    0    0    0    
plotAtomStateLine    1479    31    6    3    1    35    46    0    0    0    0    56    3    0    3    16    44    2    0    2    14    33    6    0    2    8    73    0    0    0    0    
plotAtomStateLine    1489    29    6    3    2    36    45    0    0    0    0    55    4    1    3    15    43    3    0    2    10    33    4    0    2    6    73    0    0    0    0    
plotAtomStateLine    1499    29    6    5    1    35    45    0    0    0    0    54    4    0    3    15    43    3    0    2    11    32    4    0    2    6    73    0    0    0    0    
plotAtomStateLine    1509    28    6    4    1    37    45    0    0    0    0    54    4    0    3    17    42    4    0    2    12    32    4    0    2    6    73    0    0    0    0    
plotAtomStateLine    1519    27    6    3    1    39    45    0    0    0    0    52    5    0    3    18    41    4    0    2    12    32    4    0    2    6    73    0    0    0    0    
plotAtomStateLine    1529    27    4    3    1    41    44    0    0    0    0    52    5    0    3    20    40    6    0    2    14    31    4    0    2    6    73    0    0    0    0    
plotAtomStateLine    1539    27    4    3    1    41    44    0    0    0    0    52    5    0    3    20    39    6    0    3    13    30    3    1    2    5    73    0    0    0    0    
plotAtomStateLine    1549    27    4    3    1    41    44    0    0    0    0    52    5    0    3    20    39    5    0    3    14    30    4    0    3    5    73    0    0    0    0    
plotAtomStateLine    1559    26    4    2    1    43    44    0    0    0    0    51    6    0    3    21    39    5    0    3    16    30    4    0    3    7    73    0    0    0    0    
plotAtomStateLine    1569    26    4    4    1    41    43    0    0    0    0    51    5    0    3    22    38    6    0    3    15    30    3    0    3    6    73    0    0    0    0    
plotAtomStateLine    1579    25    4    3    1    43    43    0    0    0    0    51    4    0    3    23    36    7    0    3    16    30    4    0    3    7    73    0    0    0    0    
plotAtomStateLine    1589    25    3    3    1    44    43    0    0    0    0    51    4    0    3    23    36    7    0    3    18    29    5    0    3    8    73    0    0    0    0    
plotAtomStateLine    1599    24    4    2    1    45    42    0    0    0    0    51    3    0    3    24    35    7    0    3    20    28    6    0    3    9    73    0    0    0    0    
plotAtomStateLine    1609    23    5    3    2    43    40    0    0    0    0    51    3    0    3    24    35    7    0    2    19    28    4    2    3    7    73    0    0    0    0    
plotAtomStateLine    1619    23    3    7    2    41    39    0    0    0    0    50    4    0    3    23    33    8    0    2    15    28    3    0    3    6    73    0    0    0    0    
plotAtomStateLine    1629    23    2    7    2    42    39    0    0    0    0    50    4    0    3    23    32    9    0    2    19    26    3    0    3    6    73    0    0    0    0    
plotAtomStateLine    1639    21    4    7    2    42    38    0    0    0    0    50    4    0    3    23    32    7    0    2    19    26    4    0    3    7    73    0    0    0    0    
plotAtomStateLine    1649    20    4    6    2    44    37    0    0    0    0    49    4    0    3    23    30    8    0    2    20    26    4    0    3    7    73    0    0    0    0    
plotAtomStateLine    1659    20    2    6    2    46    37    0    0    0    0    49    5    0    3    24    29    9    0    2    21    25    4    0    3    7    73    0    0    0    0    
plotAtomStateLine    1669    20    2    6    2    46    37    0    0    0    0    48    6    0    3    24    29    7    0    2    23    25    5    0    3    8    73    0    0    0    0    
plotAtomStateLine    1679    20    2    6    2    46    37    0    0    0    0    48    6    0    3    25    29    7    0    2    23    25    5    0    3    8    73    0    0    0    0    
plotAtomStateLine    1689    20    2    8    3    43    35    0    0    0    0    48    5    1    3    22    29    7    0    2    19    24    4    0    3    6    73    0    0    0    0    
plotAtomStateLine    1699    20    2    8    3    43    35    0    0    0    0    48    4    0    5    19    29    6    0    3    17    23    5    0    3    7    73    0    0    0    0    
plotAtomStateLine    1709    20    2    8    3    43    35    0    0    0    0    48    4    0    5    19    29    6    0    3    17    23    5    0    3    8    73    0    0    0    0    
plotAtomStateLine    1719    19    3    7    3    44    35    0    0    0    0    48    4    0    5    19    28    6    0    3    17    22    5    0    3    8    73    0    0    0    0    
plotAtomStateLine    1729    18    3    6    3    46    35    0    0    0    0    48    4    0    5    19    27    6    0    3    19    22    6    0    3    9    73    0    0    0    0    
plotAtomStateLine    1739    17    2    7    3    47    32    1    0    0    0    48    4    0    5    19    26    7    2    3    17    22    4    0    3    9    73    0    0    0    0    
plotAtomStateLine    1749    17    2    13    3    41    32    0    0    0    0    47    4    0    4    16    26    7    0    2    17    20    4    0    3    7    73    0    0    0    0    
plotAtomStateLine    1759    17    1    13    4    41    30    0    0    0    0    47    5    0    4    17    26    5    1    2    17    20    5    0    3    8    73    0    0    0    0    
plotAtomStateLine    1769    16    2    16    3    39    29    0    0    0    0    47    5    0    4    17    26    5    0    2    15    20    4    0    3    7    73    0    0    0    0    
plotAtomStateLine    1779    15    3    15    3    40    29    0    0    0    0    47    5    0    4    17    26    4    0    2    16    19    5    0    3    8    73    0    0    0    0    
plotAtomStateLine    1789    15    3    15    3    40    29    0    0    0    0    47    5    0    4    17    24    4    0    2    16    19    5    0    3    8    73    0    0    0    0    
plotAtomStateLine    1799    15    2    15    3    41    29    0    0    0    0    47    4    0    4    18    24    6    0    2    17    19    5    0    3    8    73    0    0    0    0    
plotAtomStateLine    1809    14    2    16    3    41    28    0    0    0    0    47    3    0    4    19    22    8    0    2    16    18    4    0    3    7    73    0    0    0    0    
plotAtomStateLine    1819    12    4    14    3    43    28    0    0    0    0    46    3    0    4    19    22    7    0    2    19    18    5    0    3    8    73    0    0    0    0    
plotAtomStateLine    1829    12    3    14    3    44    27    0    0    0    0    46    4    0    4    19    22    7    0    2    19    18    5    0    3    8    73    0    0    0    0    
plotAtomStateLine    1839    11    2    13    3    47    27    0    0    0    0    46    4    0    4    20    21    8    0    2    20    17    6    0    3    9    73    0    0    0    0    
plotAtomStateLine    1849    11    2    13    3    47    25    0    0    0    0    46    4    0    4    20    21    6    0    3    21    16    7    0    4    8    73    0    0    0    0    
plotAtomStateLine    1859    11    2    15    3    45    25    0    0    0    0    45    4    0    4    20    21    6    0    3    19    16    6    0    4    8    73    0    0    0    0    
plotAtomStateLine    1869    10    1    16    3    46    23    0    0    0    0    45    5    0    4    21    20    7    0    3    17    15    5    0    4    7    73    0    0    0    0    
plotAtomStateLine    1879    10    1    16    3    46    23    0    0    0    0    45    4    0    4    22    19    7    2    3    18    15    5    0    4    7    73    0    0    0    0    
plotAtomStateLine    1889    10    1    18    3    44    23    0    0    0    0    45    4    0    4    20    19    7    0    3    18    15    5    0    4    7    73    0    0    0    0    
plotAtomStateLine    1899    10    0    18    3    45    22    0    0    0    0    45    4    0    4    20    18    8    0    3    19    15    5    0    4    7    73    0    0    0    0    
plotAtomStateLine    1909    10    0    20    3    43    22    0    0    0    0    45    3    0    4    21    17    9    0    3    17    15    4    0    4    6    73    0    0    0    0    
plotAtomStateLine    1919    10    0    20    3    43    21    0    0    0    0    45    3    0    4    21    17    8    0    3    19    14    5    0    4    7    73    0    0    0    0    
plotAtomStateLine    1929    10    0    22    3    41    20    0    0    0    0    45    3    0    4    21    17    8    0    3    17    14    4    0    4    6    73    0    0    0    0    
plotAtomStateLine    1939    9    1    21    3    42    20    0    0    0    0    45    3    0    4    21    17    7    0    3    18    13    5    0    4    7    73    0    0    0    0    
plotAtomStateLine    1949    9    1    21    3    42    20    0    0    0    0    45    3    0    4    21    17    7    0    3    18    13    5    0    4    7    73    0    0    0    0    
plotAtomStateLine    1959    8    2    22    3    41    19    0    0    0    0    45    2    0    5    21    16    7    0    3    16    12    4    0    5    5    73    0    0    0    0    
plotAtomStateLine    1969    7    3    21    3    42    19    0    0    0    0    45    2    0    5    21    16    6    0    3    17    12    5    0    5    6    73    0    0    0    0    
plotAtomStateLine    1979    7    2    21    3    43    19    0    0    0    0    45    2    0    5    21    14    8    0    3    17    12    4    0    5    7    73    0    0    0    0    
plotAtomStateLine    1989    7    2    21    3    43    19    0    0    0    0    45    2    0    5    21    14    8    0    3    19    12    4    0    5    7    73    0    0    0    0    
plotAtomStateLine    1999    6    2    20    3    45    19    0    0    0    0    44    3    0    5    22    14    8    0    3    19    12    4    0    5    7    73    0    0    0    0    
plotAtomStateLine    2009    6    2    20    3    45    19    0    0    0    0    44    2    0    5    23    13    9    0    3    19    11    4    0    5    7    73    0    0    0    0    
plotAtomStateLine    2019    5    3    19    3    46    19    0    0    0    0    44    2    0    5    23    13    9    0    3    20    10    4    0    5    7    73    0    0    0    0    
plotAtomStateLine    2029    5    2    19    3    47    19    0    0    0    0    44    2    0    5    23    12    7    0    3    23    9    7    0    5    10    73    0    0    0    0    
plotAtomStateLine    2039    4    3    18    3    48    18    0    0    0    0    44    2    0    5    23    12    7    0    3    24    9    7    0    5    10    73    0    0    0    0    
plotAtomStateLine    2049    4    3    20    3    46    17    0    0    0    0    44    2    0    5    23    12    7    0    3    24    9    6    0    5    9    73    0    0    0    0    
plotAtomStateLine    2059    4    3    20    3    46    17    0    0    0    0    44    2    0    5    23    12    7    0    3    24    9    6    0    5    9    73    0    0    0    0    
plotAtomStateLine    2069    3    4    19    3    47    17    0    0    0    0    44    2    0    5    23    12    7    0    3    24    9    6    0    5    9    73    0    0    0    0    
plotAtomStateLine    2079    3    4    19    3    47    17    0    1    0    0    44    2    0    5    23    12    6    0    4    24    9    6    0    5    9    73    0    0    0    0    
plotAtomStateLine    2089    3    4    19    3    47    17    0    0    0    0    44    2    0    5    23    12    6    0    5    23    9    6    0    5    9    73    0    0    0    0    
plotAtomStateLine    2099    3    4    19    3    47    17    0    0    0    0    44    2    0    5    23    12    6    0    5    23    9    6    0    5    9    73    0    0    0    0    
plotAtomStateLine    2109    3    4    19    3    47    17    0    0    0    0    44    2    0    5    23    12    6    0    5    23    9    6    0    5    9    73    0    0    0    0    
plotAtomStateLine    2119    3    4    19    3    47    17    0    0    0    0    44    2    0    5    23    12    6    0    5    23    9    6    0    5    9    73    0    0    0    0    
plotAtomStateLine    2129    3    4    19    3    47    17    0    0    0    0    44    2    0    5    23    11    6    0    5    23    9    6    0    5    9    73    0    0    0    0    
plotAtomStateLine    2139    3    4    19    3    47    17    0    0    0    0    44    2    0    5    23    11    6    0    5    23    9    6    0    5    9    73    0    0    0    0    
plotAtomStateLine    2149    3    4    19    3    47    17    0    0    0    0    44    2    0    5    23    11    6    0    5    23    9    6    0    5    9    73    0    0    0    0    
plotAtomStateLine    2159    3    4    19    3    47    17    0    0    0    0    44    1    0    5    24    11    7    0    5    24    9    6    0    5    9    73    0    0    0    0    
plotAtomStateLine    2169    3    4    19    3    47    17    0    0    0    0    44    1    0    5    24    11    7    0    5    24    9    6    0    5    9    73    0    0    0    0    
plotAtomStateLine    2179    3    4    19    3    47    17    0    0    0    0    44    1    0    5    24    11    7    0    5    24    9    6    0    5    9    73    0    0    0    0    
plotAtomStateLine    2189    3    3    19    3    48    17    0    0    0    0    44    1    0    5    24    10    8    0    5    25    9    6    0    5    9    73    0    0    0    0    
plotAtomStateLine    2199    3    3    19    3    48    17    0    0    0    0    44    1    0    5    24    10    8    0    5    25    9    6    0    5    9    73    0    0    0    0    
plotAtomStateLine    2209    3    3    19    3    48    17    0    0    0    0    44    1    0    5    24    10    8    0    5    25    9    6    0    5    9    73    0    0    0    0    
plotAtomStateLine    2219    3    2    19    3    49    17    0    0    0    0    44    1    0    5    24    9    9    0    5    26    9    6    0    5    9    73    0    0    0    0    
plotAtomStateLine    2229    3    2    19    3    49    17    0    0    0    0    44    1    0    5    24    9    9    0    5    26    9    6    0    5    9    73    0    0    0    0    
plotAtomStateLine    2239    3    2    19    3    49    17    0    0    0    0    43    1    0    5    24    9    9    0    5    26    9    6    0    5    9    73    0    0    0    0    
plotAtomStateLine    2249    3    2    19    3    49    17    0    0    0    0    43    2    0    5    25    9    8    0    5    27    9    6    0    5    9    73    0    0    0    0    
plotAtomStateLine    2259    3    2    19    3    49    17    0    0    0    0    43    2    0    5    25    9    8    0    5    27    9    6    0    5    9    73    0    0    0    0    
plotAtomStateLine    2269    3    2    19    4    48    16    0    0    0    0    43    2    0    5    25    9    8    2    4    24    9    5    1    4    7    73    0    0    0    0    
plotAtomStateLine    2279    2    3    22    3    46    16    0    0    0    0    43    2    0    5    25    8    8    0    4    24    9    5    0    4    7    73    0    0    0    0    
plotAtomStateLine    2289    1    4    21    3    47    16    0    0    0    0    43    2    0    5    25    8    8    0    4    24    9    5    0    4    7    73    0    0    0    0    
plotAtomStateLine    2299    1    4    21    3    47    15    0    0    0    0    43    2    0    5    25    8    8    0    4    24    9    5    0    4    7    73    0    0    0    0    
plotAtomStateLine    2309    1    3    23    3    46    15    0    0    0    0    43    2    0    5    23    8    9    0    4    23    8    4    0    4    6    73    0    0    0    0    
plotAtomStateLine    2319    1    2    23    3    47    15    0    0    0    0    43    2    0    5    23    7    10    0    4    24    8    4    0    4    6    73    0    0    0    0    
plotAtomStateLine    2329    1    2    23    3    47    15    0    0    0    0    43    2    0    5    23    7    9    0    4    25    8    5    0    4    6    73    0    0    0    0    
plotAtomStateLine    2339    1    2    23    3    47    15    0    0    0    0    43    2    0    5    23    7    9    0    4    25    8    5    0    4    7    73    0    0    0    0    
plotAtomStateLine    2349    1    2    23    3    47    15    0    0    0    0    43    2    0    5    23    7    9    0    4    25    8    5    0    4    7    73    0    0    0    0    
plotAtomStateLine    2359    1    2    23    3    47    15    0    0    0    0    43    2    0    5    23    7    9    0    4    25    8    5    0    4    7    73    0    0    0    0    
plotAtomStateLine    2369    1    2    25    3    45    14    0    0    0    0    43    2    0    5    23    7    9    0    4    23    8    4    0    4    6    73    0    0    0    0    
plotAtomStateLine    2379    1    2    25    3    45    14    0    0    0    0    43    2    0    5    23    7    9    0    4    23    8    4    0    4    6    73    0    0    0    0    
plotAtomStateLine    2389    1    2    25    3    45    14    0    0    0    0    43    2    0    5    23    7    9    0    4    23    8    4    0    4    6    73    0    0    0    0    
plotAtomStateLine    2399    1    2    27    3    43    13    0    0    0    0    43    2    0    5    23    7    9    0    4    21    8    3    0    4    5    73    0    0    0    0    
plotAtomStateLine    2409    1    2    27    3    43    13    0    0    0    0    43    2    0    5    23    7    9    0    4    21    8    3    0    4    5    73    0    0    0    0    
plotAtomStateLine    2419    1    2    27    3    43    13    0    0    0    0    43    2    0    5    23    7    9    0    4    21    8    3    0    4    5    73    0    0    0    0    
plotAtomStateLine    2429    0    3    26    3    44    13    0    0    0    0    43    2    0    5    23    7    9    0    4    21    8    3    0    4    5    73    0    0    0    0    
plotAtomStateLine    2439    0    3    26    3    44    13    0    0    0    0    43    2    0    5    23    7    9    0    4    21    8    3    0    4    5    73    0    0    0    0    
plotAtomStateLine    2449    0    3    26    3    44    13    0    0    0    0    43    2    0    5    23    7    9    0    4    21    8    3    0    4    5    73    0    0    0    0    
plotAtomStateLine    2459    0    3    26    3    44    13    0    0    0    0    43    2    0    5    23    7    9    0    4    21    8    3    0    4    5    73    0    0    0    0    
plotAtomStateLine    2469    0    3    26    3    44    13    0    0    0    0    43    2    0    5    23    7    9    0    4    21    8    3    0    4    5    73    0    0    0    0    
plotAtomStateLine    2479    0    3    26    3    44    13    0    0    0    0    43    2    0    5    23    7    9    0    4    21    8    3    0    4    5    73    0    0    0    0    
plotAtomStateLine    2489    0    3    26    3    44    13    0    0    0    0    43    2    0    5    23    7    8    0    4    22    7    4    0    4    6    73    0    0    0    0    
plotAtomStateLine    2499    0    3    26    3    44    13    0    0    0    0    43    2    0    5    23    7    8    0    4    22    7    4    0    4    6    73    0    0    0    0    
plotAtomStateLine    2509    0    3    26    3    44    13    0    0    0    0    43    2    0    5    23    7    8    0    4    22    7    4    0    4    6    73    0    0    0    0    
plotAtomStateLine    2519    0    3    26    3    44    13    0    0    0    0    43    2    0    5    23    7    8    0    4    22    7    4    0    4    6    73    0    0    0    0    
plotAtomStateLine    2529    0    3    26    3    44    13    0    0    0    0    43    2    0    5    23    7    8    0    4    22    7    4    0    4    6    73    0    0    0    0    
plotAtomStateLine    2539    0    3    26    3    44    13    0    0    0    0    43    2    0    5    23    7    8    0    4    22    7    4    0    4    6    73    0    0    0    0    
plotAtomStateLine    2549    0    3    26    3    44    13    0    0    0    0    43    2    0    5    23    7    8    0    4    22    7    4    0    4    6    73    0    0    0    0    
plotAtomStateLine    2559    0    3    26    3    44    13    0    0    0    0    43    2    0    5    23    7    8    0    4    22    6    4    0    4    6    73    0    0    0    0    
plotAtomStateLine    2569    0    3    26    3    44    13    0    0    0    0    43    2    0    5    23    7    7    0    4    23    6    5    0    4    7    73    0    0    0    0    
plotAtomStateLine    2579    0    3    26    3    44    13    0    0    0    0    43    2    0    5    23    7    7    0    4    23    6    5    0    4    7    73    0    0    0    0    
plotAtomStateLine    2589    0    3    26    3    44    13    0    0    0    0    43    2    0    5    23    7    7    0    4    23    6    5    0    4    7    73    0    0    0    0    
plotAtomStateLine    2599    0    3    26    3    44    13    0    0    0    0    43    2    0    5    23    7    7    0    4    23    6    5    0    4    7    73    0    0    0    0    
plotAtomStateLine    2609    0    3    26    3    44    13    0    0    0    0    43    2    0    5    23    7    7    0    4    23    6    5    0    4    7    73    0    0    0    0    
plotAtomStateLine    2619    0    3    26    3    44    13    0    0    0    0    43    2    0    5    23    7    7    0    4    23    6    5    0    4    7    73    0    0    0    0    
plotAtomStateLine    2629    0    2    26    3    45    13    0    0    0    0    43    2    0    5    23    6    8    0    4    24    6    5    0    4    7    73    0    0    0    0    
plotAtomStateLine    2639    0    2    26    3    45    13    0    0    0    0    43    2    0    5    23    6    8    0    4    24    6    5    0    4    7    73    0    0    0    0    
plotAtomStateLine    2649    0    2    26    3    45    13    0    0    0    0    43    2    0    5    23    6    8    0    4    24    6    5    0    4    7    73    0    0    0    0    
plotAtomStateLine    2659    0    2    26    3    45    13    0    0    0    0    43    2    0    5    23    6    8    0    4    24    5    5    0    4    7    73    0    0    0    0    
plotAtomStateLine    2669    0    2    26    3    45    13    0    0    0    0    43    2    0    5    23    6    7    0    4    25    5    6    0    4    8    73    0    0    0    0    
plotAtomStateLine    2679    0    2    26    3    45    13    0    0    0    0    43    2    0    5    23    6    7    0    4    25    5    6    0    4    8    73    0    0    0    0    
plotAtomStateLine    2689    0    2    26    3    45    13    0    0    0    0    43    2    0    5    23    6    7    0    4    25    5    6    0    4    8    73    0    0    0    0    
plotAtomStateLine    2699    0    2    26    3    45    13    0    0    0    0    43    2    0    5    23    6    7    0    4    25    5    6    0    4    8    73    0    0    0    0    
plotAtomStateLine    2709    0    2    26    3    45    13    0    0    0    0    43    2    0    5    23    6    7    0    4    25    5    6    0    4    8    73    0    0    0    0    
plotAtomStateLine    2719    0    2    26    3    45    13    0    0    0    0    43    2    0    5    23    6    7    0    4    25    5    6    0    4    8    73    0    0    0    0    
plotAtomStateLine    2729    0    2    26    3    45    13    0    0    0    0    43    2    0    5    23    6    7    0    4    25    5    6    0    4    8    73    0    0    0    0    
plotAtomStateLine    2739    0    2    26    3    45    13    0    0    0    0    43    2    0    5    23    6    7    0    4    25    5    6    0    4    8    73    0    0    0    0    
plotAtomStateLine    2749    0    2    26    3    45    13    0    0    0    0    43    2    0    5    23    6    7    0    4    25    5    6    0    4    8    73    0    0    0    0    
plotAtomStateLine    2759    0    2    26    3    45    13    0    0    0    0    43    2    0    5    23    6    7    0    4    25    5    6    0    4    8    73    0    0    0    0    
plotAtomStateLine    2769    0    2    26    3    45    13    0    0    0    0    43    2    0    5    23    6    7    0    4    25    5    6    0    4    8    73    0    0    0    0    
plotAtomStateLine    2779    0    2    26    3    45    13    0    0    0    0    43    2    0    5    23    6    7    0    4    25    5    6    0    4    8    73    0    0    0    0    
plotAtomStateLine    2789    0    2    26    3    45    13    0    0    0    0    43    2    0    5    23    6    7    0    4    25    4    6    0    4    8    73    0    0    0    0    
plotAtomStateLine    2799    0    2    26    3    45    13    0    0    0    0    43    2    0    5    23    6    7    0    4    25    4    6    0    4    8    73    0    0    0    0    
plotAtomStateLine    2809    0    2    26    3    45    13    0    0    0    0    43    2    0    5    23    6    5    0    5    26    4    7    0    5    8    73    0    0    0    0    
plotAtomStateLine    2819    0    2    26    3    45    13    0    0    0    0    43    2    0    5    23    6    5    0    5    26    4    7    0    5    8    73    0    0    0    0    
plotAtomStateLine    2829    0    2    26    3    45    13    0    0    0    0    43    2    0    5    23    6    5    0    5    26    4    7    0    5    8    73    0    0    0    0    
plotAtomStateLine    2839    0    2    26    3    45    12    0    0    0    0    43    2    0    5    23    6    5    0    5    26    4    7    0    5    8    73    0    0    0    0    
plotAtomStateLine    2849    0    2    26    3    45    12    0    0    0    0    43    2    0    5    23    6    5    0    5    26    4    7    0    5    8    73    0    0    0    0    
plotAtomStateLine    2859    0    2    26    3    45    12    0    0    0    0    43    2    0    5    23    6    5    0    5    26    4    7    0    5    8    73    0    0    0    0    
plotAtomStateLine    2869    0    2    26    3    45    11    0    3    0    0    43    1    0    6    23    6    5    0    5    26    4    6    0    5    9    73    0    0    0    0    
plotAtomStateLine    2879    0    2    30    3    41    11    0    0    0    0    43    1    0    5    18    6    5    0    5    22    4    6    0    5    7    73    0    0    0    0    
plotAtomStateLine    2889    0    2    30    3    41    11    0    0    0    0    43    1    0    5    18    6    5    0    5    22    4    6    0    5    7    73    0    0    0    0    
plotAtomStateLine    2899    0    2    30    3    41    11    0    0    0    0    43    1    0    5    18    6    5    0    5    22    4    6    0    5    7    73    0    0    0    0    
plotAtomStateLine    2909    0    2    30    3    41    11    0    0    0    0    43    1    0    5    18    6    5    0    5    22    4    6    0    5    7    73    0    0    0    0    
plotAtomStateLine    2919    0    2    30    3    41    11    0    0    0    0    43    1    0    5    18    6    5    0    5    22    4    6    0    5    7    73    0    0    0    0    
plotAtomStateLine    2929    0    2    30    3    41    10    0    0    0    0    43    1    0    5    18    6    5    0    5    22    4    6    0    5    7    73    0    0    0    0    
plotAtomStateLine    2939    0    2    32    3    39    10    0    0    0    0    43    1    0    5    18    6    5    0    5    20    4    5    0    5    6    73    0    0    0    0    
plotAtomStateLine    2949    0    2    32    3    39    10    0    0    0    0    43    1    0    5    18    6    5    0    5    20    4    5    0    5    6    73    0    0    0    0    
plotAtomStateLine    2959    0    2    32    3    39    9    0    0    0    0    43    1    0    5    18    6    5    0    5    20    4    5    0    5    6    73    0    0    0    0    
plotAtomStateLine    2969    0    2    32    3    39    9    0    0    0    0    43    1    0    5    18    6    5    0    5    20    4    5    0    5    6    73    0    0    0    0    
plotAtomStateLine    2979    0    2    32    3    39    9    0    0    0    0    43    1    0    5    18    6    5    0    5    20    4    5    0    5    6    73    0    0    0    0    
plotAtomStateLine    2989    0    2    34    3    37    9    0    0    0    0    43    1    0    5    18    6    5    0    5    18    4    4    0    5    5    73    0    0    0    0    
plotAtomStateLine    2999    0    2    34    3    37    9    0    0    0    0    43    1    0    5    18    6    5    0    5    18    4    4    0    5    5    73    0    0    0    0    
plotAtomStateLine    3009    0    2    34    3    37    8    0    0    0    0    43    1    0    5    18    6    5    0    5    18    4    4    0    5    5    73    0    0    0    0    
plotAtomStateLine    3019    0    2    36    3    35    8    0    0    0    0    43    1    0    5    18    6    5    0    5    16    4    3    0    5    4    73    0    0    0    0    
plotAtomStateLine    3029    0    2    36    3    35    8    0    0    0    0    43    1    0    5    18    6    5    0    5    16    4    3    0    5    4    73    0    0    0    0    
plotAtomStateLine    3039    0    2    36    3    35    8    0    0    0    0    43    1    0    5    18    6    5    0    5    16    4    3    0    5    4    73    0    0    0    0    
plotAtomStateLine    3049    0    2    36    3    35    8    0    0    0    0    43    1    0    5    18    6    5    0    5    16    4    3    0    5    4    73    0    0    0    0    
plotAtomStateLine    3059    0    1    36    3    36    8    0    1    0    0    43    1    0    5    18    5    5    0    5    16    4    3    2    4    3    73    0    0    0    0    
plotAtomStateLine    3069    0    0    38    4    34    8    0    0    0    0    43    1    0    5    16    5    6    0    5    15    4    3    0    4    3    73    0    0    0    0    
plotAtomStateLine    3079    0    0    38    4    34    8    0    0    0    0    43    1    0    5    16    5    6    0    5    15    4    3    0    4    3    73    0    0    0    0    
plotAtomStateLine    3089    0    0    38    4    34    8    0    0    0    0    43    1    0    5    16    5    6    0    5    15    4    3    0    4    3    73    0    0    0    0    
plotAtomStateLine    3099    0    0    38    4    34    8    0    0    0    0    43    1    0    5    16    5    6    0    5    15    4    3    0    4    3    73    0    0    0    0    
plotAtomStateLine    3109    0    0    38    4    34    8    0    0    0    0    43    1    0    5    16    5    6    0    5    15    4    3    0    4    3    73    0    0    0    0    
plotAtomStateLine    3119    0    0    38    4    34    8    0    0    0    0    43    1    0    5    16    5    6    0    5    15    4    3    0    4    3    73    0    0    0    0    
plotAtomStateLine    3129    0    0    38    4    34    8    0    0    0    0    43    1    0    5    16    5    6    0    5    15    4    3    0    4    3    73    0    0    0    0    
plotAtomStateLine    3139    0    0    38    4    34    8    0    0    0    0    43    1    0    5    16    5    6    0    5    15    4    3    0    4    3    73    0    0    0    0    
plotAtomStateLine    3149    0    0    38    4    34    8    0    0    0    0    43    1    0    5    16    5    6    0    5    15    4    3    0    4    3    73    0    0    0    0    
plotAtomStateLine    3159    0    0    38    4    34    8    0    0    0    0    43    1    0    5    16    5    6    0    5    15    4    3    0    4    3    73    0    0    0    0    
plotAtomStateLine    3169    0    0    38    4    34    8    0    0    0    0    43    1    0    5    16    5    6    0    5    15    4    3    0    4    3    73    0    0    0    0    
plotAtomStateLine    3179    0    0    38    4    34    8    0    0    0    0    43    1    0    5    16    5    6    0    5    15    4    3    0    4    3    73    0    0    0    0    
plotAtomStateLine    3189    0    0    38    4    34    8    0    0    0    0    43    1    0    5    16    5    6    0    5    15    4    3    0    4    3    73    0    0    0    0    
plotAtomStateLine    3199    0    0    38    4    34    8    0    0    0    0    43    1    0    5    16    5    6    0    5    15    4    3    0    4    3    73    0    0    0    0    
plotAtomStateLine    3209    0    0    38    4    34    8    0    0    0    0    43    1    0    5    16    5    6    0    5    15    4    3    0    4    3    73    0    0    0    0    
plotAtomStateLine    3219    0    0    38    4    34    8    0    0    0    0    43    1    0    5    16    5    6    0    5    15    4    3    0    4    3    73    0    0    0    0    
plotAtomStateLine    3229    0    0    38    4    34    8    0    0    0    0    43    1    0    5    16    5    6    0    5    15    4    3    0    4    3    73    0    0    0    0    
plotAtomStateLine    3239    0    0    38    4    34    8    0    0    0    0    43    1    0    5    16    5    6    0    5    15    4    3    0    4    3    73    0    0    0    0    
plotAtomStateLine    3249    0    0    38    4    34    8    0    0    0    0    43    1    0    5    16    5    6    0    5    15    4    3    0    4    3    73    0    0    0    0    
plotAtomStateLine    3259    0    0    38    4    34    8    0    0    0    0    43    1    0    5    16    5    6    0    5    15    4    3    0    4    3    73    0    0    0    0    
plotAtomStateLine    3269    0    0    38    4    34    8    0    0    0    0    43    1    0    5    16    5    6    0    5    15    4    3    0    4    3    73    0    0    0    0    
plotAtomStateLine    3279    0    0    38    4    34    8    0    0    0    0    43    1    0    5    16    5    6    0    5    15    4    3    0    4    3    73    0    0    0    0    
plotAtomStateLine    3289    0    0    38    4    34    8    0    0    0    0    43    1    0    5    16    5    6    0    5    15    4    3    0    4    3    73    0    0    0    0    
plotAtomStateLine    3299    0    0    38    4    34    8    0    0    0    0    43    1    0    5    16    5    6    0    5    15    4    3    0    4    3    73    0    0    0    0    
plotAtomStateLine    3309    0    0    38    4    34    8    0    0    0    0    43    1    0    5    16    5    6    0    5    15    4    3    0    4    3    73    0    0    0    0    
plotAtomStateLine    3319    0    0    38    4    34    8    0    0    0    0    43    1    0    5    16    5    6    0    5    15    4    3    0    4    3    73    0    0    0    0    
plotAtomStateLine    3329    0    0    38    4    34    8    0    0    0    0    43    1    0    5    16    5    6    0    5    15    4    3    0    4    3    73    0    0    0    0    
plotAtomStateLine    3339    0    0    38    4    34    8    0    0    0    0    43    1    0    5    16    5    6    0    5    15    4    3    0    4    3    73    0    0    0    0    
plotAtomStateLine    3349    0    0    38    4    34    8    0    0    0    0    43    1    0    5    16    4    6    0    5    15    4    3    0    4    3    73    0    0    0    0    
plotAtomStateLine    3359    0    0    38    4    34    8    0    0    0    0    43    1    0    5    16    4    6    0    5    15    4    3    0    4    3    73    0    0    0    0    
plotAtomStateLine    3369    0    0    38    4    34    8    0    0    0    0    43    1    0    5    16    4    6    0    5    15    4    3    0    4    3    73    0    0    0    0    
plotAtomStateLine    3379    0    0    38    4    34    8    0    0    0    0    43    1    0    5    16    4    6    0    5    15    4    3    0    4    3    73    0    0    0    0    
plotAtomStateLine    3389    0    0    38    4    34    8    0    0    0    0    43    1    0    5    16    4    6    0    5    15    4    3    0    4    3    73    0    0    0    0    
plotAtomStateLine    3399    0    0    38    4    34    8    0    0    0    0    43    1    0    5    16    4    6    0    5    15    4    3    0    4    3    73    0    0    0    0    
plotAtomStateLine    3409    0    0    38    4    34    8    0    0    0    0    43    1    0    5    16    4    6    0    5    15    4    3    0    4    3    73    0    0    0    0    
plotAtomStateLine    3419    0    0    38    4    34    8    0    0    0    0    43    1    0    5    16    4    6    0    5    15    4    3    0    4    3    73    0    0    0    0    
plotAtomStateLine    3429    0    0    38    4    34    8    0    0    0    0    43    1    0    5    16    4    6    0    5    15    4    3    0    4    3    73    0    0    0    0    
plotAtomStateLine    3439    0    0    38    4    34    8    0    0    0    0    43    1    0    5    16    4    6    0    5    15    4    3    0    4    3    73    0    0    0    0    
plotAtomStateLine    3449    0    0    38    4    34    8    0    0    0    0    43    1    0    5    16    4    6    0    5    15    4    3    0    4    3    73    0    0    0    0    
plotAtomStateLine    3459    0    0    38    4    34    8    0    0    0    0    43    1    0    5    16    4    6    0    5    15    4    3    0    4    3    73    0    0    0    0    
plotAtomStateLine    3469    0    0    38    4    34    8    0    0    0    0    43    1    0    5    16    4    6    0    5    15    4    3    0    4    3    73    0    0    0    0    
plotAtomStateLine    3479    0    0    38    4    34    8    0    0    0    0    43    1    0    5    16    4    6    0    5    15    4    3    0    4    3    73    0    0    0    0    
plotAtomStateLine    3489    0    0    38    4    34    8    0    0    0    0    43    1    0    5    16    4    6    0    5    15    4    3    0    4    3    73    0    0    0    0    
plotAtomStateLine    3499    0    0    38    4    34    8    0    0    0    0    43    1    0    5    16    4    6    0    5    15    4    3    0    4    3    73    0    0    0    0    
plotAtomStateLine    3509    0    0    38    4    34    8    0    0    0    0    43    1    0    5    16    4    6    0    5    15    4    3    0    4    3    73    0    0    0    0    
plotAtomStateLine    3519    0    0    38    4    34    8    0    0    0    0    43    1    0    5    16    4    6    0    5    15    4    3    0    4    3    73    0    0    0    0    
plotAtomStateLine    3529    0    0    38    4    34    8    0    0    0    0    43    1    0    5    16    4    6    0    5    15    4    3    0    4    3    73    0    0    0    0    
plotAtomStateLine    3539    0    0    38    4    34    8    0    0    0    0    43    1    0    5    16    4    6    0    5    15    4    3    0    4    3    73    0    0    0    0    
plotAtomStateLine    3549    0    0    38    4    34    8    0    0    0    0    43    1    0    5    16    4    5    0    5    16    3    4    0    4    3    73    0    0    0    0    
plotAtomStateLine    3559    0    0    38    4    34    8    0    0    0    0    43    1    0    5    16    4    5    0    5    16    3    4    0    4    4    73    0    0    0    0    
plotAtomStateLine    3569    0    0    38    4    34    8    0    0    0    0    43    1    0    5    16    4    5    0    5    16    3    4    0    4    4    73    0    0    0    0    
plotAtomStateLine    3579    0    0    38    4    34    8    0    0    0    0    43    1    0    5    16    4    5    0    5    16    3    4    0    4    4    73    0    0    0    0    
plotAtomStateLine    3589    0    0    38    4    34    8    0    0    0    0    43    1    0    5    16    4    5    0    5    16    3    4    0    4    4    73    0    0    0    0    
plotAtomStateLine    3599    0    0    38    4    34    8    0    0    0    0    43    1    0    5    16    4    5    0    5    16    3    4    0    4    4    73    0    0    0    0    
plotAtomStateLine    3609    0    0    38    4    34    8    0    0    0    0    43    1    0    5    16    4    5    0    5    16    3    4    0    4    4    73    0    0    0    0    
plotAtomStateLine    3618    0    0    38    4    34    8    0    0    0    0    43    1    0    5    16    4    5    0    5    16    3    4    0    4    4    73    0    0    0    0    
plotAtomStateLine    3628    0    0    38    4    34    8    0    0    0    0    43    1    0    5    16    4    5    0    5    16    3    4    0    4    4    73    0    0    0    0    
